              precision    recall  f1-score   support

           0       0.22      0.28      0.25        98
           1       0.14      0.37      0.21       100
           2       0.11      0.12      0.11       100
           3       0.25      0.37      0.30       100
           4       0.26      0.24      0.25       100
           5       0.38      0.50      0.43       100
           6       0.33      0.39      0.36       100
           7       0.48      0.53      0.51        88
           8       0.22      0.20      0.21        99
           9       0.37      0.19      0.25       100
          10       0.14      0.28      0.19       100
          11       0.67      0.46      0.55        97
          12       0.23      0.12      0.16       100
          13       0.42      0.08      0.13       100
          14       0.30      0.28      0.29       100
          15       0.28      0.28      0.28       100
          16       0.23      0.14      0.17       100
          17       0.38      0.60      0.47       100
          18       0.51      0.35      0.42        99
          19       0.76      0.22      0.34       100
          20       0.43      0.32      0.37       100
          21       0.16      0.35      0.22       100
          22       0.61      0.35      0.45       100
          23       0.45      0.30      0.36       100
          24       0.26      0.41      0.32       100
          25       0.63      0.40      0.49       100
          26       0.30      0.24      0.27       100
          27       0.42      0.36      0.39       100
          28       0.31      0.29      0.30       100
          29       0.48      0.40      0.44       100
          30       0.28      0.14      0.19        99
          31       0.26      0.35      0.30       100
          32       0.44      0.32      0.37       100
          33       0.19      0.51      0.28       100
          34       0.06      0.02      0.03        89
          35       0.40      0.04      0.07       100
          36       0.47      0.28      0.35       100

    accuracy                           0.30      3669
   macro avg       0.35      0.30      0.30      3669
weighted avg       0.35      0.30      0.30      3669
